48
48.0
48
48.0
48
48.0
48
44.5
41
40.5
40
39.5
39
38.5
38
36.5
35
35.0
35
34.5
35
35.0
35
34.5
34
34.5
34
34.5
34
33.5
33
32.0
33
32.0
33
32.0
31
29.5
28
29.5
31
29.5
31
32.0
31
29.5
28
29.5
28
27.0
26
27.0
28
27.0
26
27.0
28
27.0
27
26.5
27
26.5
27
26.5
26
25.5
25
25.0
25
25.5
25
25.0
25
25.0
25
25.0
25
25.5
25
25.5
25
25.5
26
25.5
26
26.5
26
25.5
26
25.5
25
25.5
26
25.5
25
25.0
25
24.5
25
25.0
25
25.0
25
25.5
26
25.5
26
25.5
26
26.5
26
25.5
26
25.5
26
26.5
26
25.5
25
25.0
25
25.0
25
25.0
25
25.0
25
25.0
25
25.0
25
25.0
25
25.0
25
25.0
25
25.5
26
26.5
27
27.0
27
27.0
27
27.0
27
27.0
27
27.0
27
27.0
27
27.0
27
27.0
27
27.0
27
27.0
27
27.5
28
27.5
28
28.0
28
28.0
28
27.5
28
28.0
28
27.5
28
28.0
28
28.0
28
27.5
28
27.5
28
28.0
28
28.0
28
28.0
28
28.0
28
28.0
28
28.0
28
28.0
28
28.0
28
28.0
28
28.0
28
28.0
28
28.0
28
27.5
27
27.5
27
27.0
27
27.0
27
27.0
27
27.0
27
27.0
27
27.0
27
27.0
27
26.5
26
26.0
26
26.5
27
27.0
27
27.0
27
26.5
26
26.0
26
26.0
26
26.0
26
26.5
26
26.0
26
26.0
26
26.0
26
26.0
26
26.0
26
26.0
26
26.0
26
26.0
26
26.0
26
25.5
25
25.5
25
25.5
25
25.5
26
26.0
26
25.5
25
25.0
25
25.0
25
25.0
25
25.5
25
25.5
26
25.5
26
25.5
26
26.0
26
26.0
26
26.0
26
26.0
26
26.0
26
26.0
26
26.0
26
26.0
26
26.0
26
26.0
26
26.0
26
26.0
26
26.0
26
26.0
26
26.0
26
26.0
26
26.0
26
26.0
26
26.0
26
26.0
26
26.0
26
26.0
26
26.0
26
26.0
26
26.0
26
26.0
26
26.0
26
26.0
26
26.0
26
26.0
26
26.0
26
26.0
26
26.0
26
26.0
26
26.0
26
26.0
26
26.0
26
26.0
26
26.0
26
26.0
26
26.0
26
26.0
26
26.5
27
26.5
26
26.5
26
26.0
26
26.0
26
26.5
26
26.5
27
27.0
27
26.5
27
27.0
27
27.0
27
27.0
27
27.0
27
27.0
27
27.0
27
27.0
27
27.0
27
27.0
27
27.0
27
27.0
27
27.0
27
27.0
27
27.0
27
27.0
27
27.0
27
27.0
27
26.5
26
26.0
26
26.0
26
26.0
26
26.0
26
26.0
26
26.0
26
26.0
26
26.0
26
26.0
26
26.0
26
26.5
27
27.0
27
26.5
27
27.0
27
27.0
27
26.5
27
27.0
27
27.0
27
27.0
27
26.5
26
26.5
27
27.0
27
27.0
27
27.0
27
27.0
27
27.0
27
27.0
27
27.0
27
27.0
27
27.0
27
27.0
27
27.0
27
27.0
27
27.0
27
27.0
27
27.0
27
27.0
